-----------------Train Options----------------
batchSize: 128
callbacks: True
cap_len: 4
cap_scheme: jd
char_set_len: 22
checkpoints_dir: ./checkpoints
dataroot: ./data/
display_winsize: 200
epoch: 200
gpu_ids: 0
isTrain: True
isTune: False
keep_prob: 0.5
loadHeight: 60
loadWidth: 120
lr: 0.0001
model: LeNet5
plot: False
train_size: 100000
---------------------End----------------------
{'val_loss': [17.909461339314777, 17.898729731893948, 15.832117341522478, 12.247682669223883, 10.49384246728359, 9.636917383242876, 9.09246462634486, 8.721453153170073, 8.422493184733595, 8.169428621601854, 7.982201502873347, 7.787743780348036, 7.6284559853056555, 7.487708128415621, 7.354182019192948, 7.2607299242264185, 7.137860838572184, 7.053101955316006, 6.978055126646645, 6.917394222357334, 6.840235547122792, 6.766312159024752, 6.693134931417612, 6.618165468558287, 6.5915506843827725, 6.547532142736973, 6.494840401869554, 6.44812455544105, 6.403546973171397, 6.399375691373124, 6.32652267227825, 6.299087414374719, 6.287663873036703, 6.246547882373516, 6.225296403607752, 6.192092475728092, 6.174874542105911, 6.153647553207528, 6.13774486280914, 6.104102477049216, 6.092383119795057, 6.094656915746183, 6.057027352161897, 6.043040222591824, 6.035132359235715, 6.010139436803312, 5.9985109394432135, 5.98654227786594, 5.9733602205912275, 5.968193510658721, 5.95941319832435, 5.949135405385596, 5.932923467750223, 5.924389936985114, 5.924336983607366, 5.913391215169532, 5.90724123441256, 5.9064776795542135, 5.893097335456783, 5.885662665733924, 5.881119776994754, 5.875762360727685, 5.872018373929537, 5.858902038672031, 5.856413014729818, 5.851972971207056, 5.843691842168824, 5.844239059676472, 5.837775177425808, 5.825185620886648, 5.823968422718537, 5.822149032201523, 5.816679873018184, 5.822029863667284, 5.81721466830653, 5.80730293958615, 5.8084277006296015, 5.805458240019969, 5.794367570143479, 5.791738954364744, 5.7983406702677405, 5.789725271045652, 5.789456709837302, 5.788551297962156, 5.776361518436008, 5.777900198585967, 5.77775323492849, 5.772579535459861, 5.774043519272763, 5.772024786370432, 5.771565958984897, 5.7607574625911875, 5.762779798263159, 5.76561097202138, 5.75903806115827, 5.7525673605437975, 5.758462397257487, 5.760167390872271, 5.7539544227795725, 5.756991875477326, 5.747257713578705, 5.744531782264383, 5.749065765967736, 5.745792005816076, 5.743647526472043, 5.749687516791189, 5.7465424578414, 5.740890731159438, 5.741336724697015, 5.7450139705951395, 5.734855496985281, 5.729905356708755, 5.730444208780924, 5.731858579521505, 5.73666325593606, 5.731217930459569, 5.721785170400245, 5.7274699822450295, 5.726314096369295, 5.723341497600588, 5.725853561336159, 5.73135470936441, 5.7262480401585245, 5.720479516901522, 5.724156836159209, 5.722547009459928, 5.722631919078338, 5.7125307352114945, 5.718761889139811, 5.719562171870827, 5.720705643678323, 5.7163364174019575, 5.715203497144911, 5.709659356337327, 5.713510529607789, 5.722059559618306, 5.707764910836505, 5.715983056614542, 5.709814487359463, 5.70882147601527, 5.703952137221638, 5.709982097658337, 5.705249097612169, 5.708978220947787, 5.711895720163981, 5.705025477287097, 5.707744264195108, 5.701384691091684, 5.698703427600045, 5.700133242158809, 5.703751352098253, 5.7004768542754345, 5.7064528913579435, 5.705481382516714, 5.704438682295319, 5.696455217834211, 5.703682512299627, 5.699743539859087, 5.699024420518142, 5.697055649553609, 5.706844552357992, 5.703629416278285, 5.700371481414534, 5.702464539780576, 5.699389327285636, 5.699466900947766, 5.701408916049534, 5.698723462911753, 5.698162074781891, 5.699487046298818, 5.6940741172203655, 5.69305146453727, 5.697306926433857, 5.698378000503931, 5.689782146714691, 5.693802593100784, 5.697858619689941, 5.6976393675192805, 5.693195913591955, 5.696470472547743, 5.690189129266983, 5.693293620378543, 5.693895943144447, 5.697350175971659, 5.690459936093061, 5.694724176683996, 5.691839002136492, 5.6856309328323755, 5.690883856553298, 5.691803557241065, 5.689763354440021, 5.6862592208079805, 5.68732213973999, 5.693365793961745, 5.68705560407068, 5.694660834777049, 5.683078297183045, 5.682920468159211, 5.688966730720977, 5.692186306684445], 'val_acc': [0.003125, 0.0, 0.1805555554281952, 0.40331196555724513, 0.38354700854700857, 0.35202991503935593, 0.3327991450444246, 0.34294871769399726, 0.2922008547008547, 0.32158119632647586, 0.2500000002547207, 0.3076923079470284, 0.27777777828721917, 0.2719017096564301, 0.26495726470254427, 0.26923076948548996, 0.28229166666666666, 0.255876067866627, 0.25267094017094016, 0.2462606836333234, 0.2435897433350229, 0.24412393136921093, 0.2313034185486981, 0.2564102565376168, 0.21901709388973367, 0.21314102538630494, 0.22275641025641027, 0.21100427337691316, 0.21527777790513813, 0.1917735041461439, 0.1944444445718048, 0.18376068388804412, 0.1796875, 0.17681623944359967, 0.1623931623931624, 0.17681623918887895, 0.177350427223067, 0.14743589737221727, 0.17521367508631486, 0.1709401708128106, 0.1570512819239217, 0.1554487178213576, 0.14262820500084478, 0.15491453004189026, 0.15865384640856686, 0.17254273504273504, 0.15918803406067383, 0.14476495732863745, 0.16041666666666668, 0.12553418797050786, 0.14423076910340887, 0.13728632491368514, 0.161858974231614, 0.14850427337691316, 0.12873931630299643, 0.1495726497000099, 0.140491452991453, 0.15331196581196582, 0.13247863247863248, 0.14476495726495728, 0.13995726470254424, 0.14316239290767246, 0.15651709388973367, 0.1485042735042735, 0.15625, 0.1335470084196482, 0.1356837609384814, 0.13995726495726496, 0.14316239316239315, 0.1330128205128205, 0.13621794884530908, 0.14797008547008547, 0.14316239328975353, 0.1314102564739366, 0.18322649598121643, 0.14743589756325778, 0.16559829047093025, 0.1581196581196581, 0.16239316213844168, 0.1469017096564301, 0.13177083333333334, 0.1452991452991453, 0.1602564101290499, 0.1367521368794971, 0.1533119655572451, 0.14903846128374085, 0.1388888888888889, 0.1581196581196581, 0.1490384614111012, 0.1372863247226446, 0.14209401703033692, 0.13301282038546017, 0.1549145296598092, 0.11965811959443948, 0.15064102589574635, 0.167200854446134, 0.16979166666666667, 0.14316239341711387, 0.1549145301692506, 0.14850427375899422, 0.14049145273673228, 0.1655982903435699, 0.13782051269315246, 0.14369658132394156, 0.16239316252052274, 0.15491452991452992, 0.1458333334606937, 0.16346153871625915, 0.16185897410425365, 0.1554487180760783, 0.1575854698307494, 0.1597222222222222, 0.16458333333333333, 0.16346153833417812, 0.15705128179656136, 0.1559829062376267, 0.14903846179318225, 0.1575854703401908, 0.16933760658288613, 0.17628205115469092, 0.17147435871963826, 0.14850427337691316, 0.1533119655572451, 0.1399572650846253, 0.17254273504273504, 0.167200854446134, 0.135149572776933, 0.1415598291871894, 0.15677083333333333, 0.16185897435897437, 0.1639957264957265, 0.2040598289324687, 0.16773504260768238, 0.17574786331154343, 0.13995726498910505, 0.17788461512989467, 0.18002136764872786, 0.2024572650846253, 0.18215811965811965, 0.14797008534272513, 0.16987179461707416, 0.1372863247863248, 0.20726495739231762, 0.1495726497000099, 0.18229166666666666, 0.16079059803587759, 0.19764957264957264, 0.2013888888888889, 0.1789529915803518, 0.16506410230938187, 0.16880341893077916, 0.17094017094017094, 0.14423076923076922, 0.19337606837606838, 0.19337606863078907, 0.1490384616021417, 0.15331196574828562, 0.1960470086743689, 0.18589743602479625, 0.17895299145299146, 0.1390625, 0.17521367534103557, 0.18429487166751143, 0.16773504298976344, 0.18536324811796856, 0.20245726495726496, 0.17628205153677198, 0.15865384621752632, 0.18269230781966805, 0.1965811963264759, 0.18643162393162394, 0.1757478631205029, 0.1794871794871795, 0.16613247837775794, 0.19604700880172926, 0.15972222247694293, 0.17447916666666666, 0.19764957290429336, 0.17735042760514805, 0.1971153846153846, 0.1858974356427152, 0.17361111123847145, 0.1858974356427152, 0.17574786350258395, 0.17147435897435898, 0.16826923076923078, 0.2158119660666865, 0.18803418803418803, 0.17681623918887895, 0.1768162390615186, 0.19177350427350429, 0.16506410243674222, 0.15833333333333333, 0.14903846166582188, 0.17735042735042736, 0.19658119670855692, 0.2077991447897039, 0.18856837594101572, 0.18749999987263966, 0.19658119658119658], 'loss': [17.934165488131985, 17.90989741466245, 17.5608361270786, 14.66812294272802, 12.407134343018635, 11.262260744412027, 10.58728361450606, 10.098364057238383, 9.706269185079362, 9.411094919147876, 9.1494303033811, 8.921795960230462, 8.728863037461387, 8.549869803807859, 8.388026653364353, 8.258011936797656, 8.119863178438958, 8.00246266316466, 7.891687693255179, 7.786852982364302, 7.688627529052617, 7.608997117323358, 7.524910873039072, 7.4480217533667705, 7.373542444020729, 7.3004837809217085, 7.239566331335995, 7.181501126526182, 7.131094524013198, 7.068266861257703, 7.017783572909848, 6.974056652745006, 6.9273512026546324, 6.88237091365131, 6.837460187107124, 6.802917122955469, 6.773705186083011, 6.738419419410556, 6.702087764898885, 6.670588020329596, 6.647462263507593, 6.619147664192051, 6.594218290757384, 6.564786781755941, 6.548818032736199, 6.52393137327718, 6.500845334652867, 6.481285386114539, 6.463151779590376, 6.444261105233987, 6.4237215405127746, 6.4062874371407315, 6.396434250415727, 6.378607464539474, 6.3641585952309, 6.347029162232443, 6.337894223050329, 6.325234246307441, 6.3121203847589955, 6.301157412640523, 6.286992676248156, 6.280789090211251, 6.267075021310481, 6.259672355285175, 6.247412760110285, 6.243573551642441, 6.229727033390827, 6.221647302908074, 6.213097722054444, 6.205317043792128, 6.196080387803615, 6.192882975719175, 6.179453757969625, 6.1773307612980455, 6.1736368575336, 6.161121753116939, 6.157843549142316, 6.151921064797902, 6.1405426316901455, 6.136950461385496, 6.134696458250008, 6.130087863478436, 6.120215536347951, 6.117501067565214, 6.111823944127242, 6.105180710869239, 6.105521011413653, 6.0963117166498995, 6.091873897416819, 6.091381447623075, 6.090472621208809, 6.081121933303632, 6.078034812538565, 6.07322926385324, 6.069759626947738, 6.064822442636243, 6.061582860790816, 6.058380509981243, 6.055627944644389, 6.0505160503149105, 6.050149689496843, 6.0444162447305105, 6.040798416125472, 6.041476432118268, 6.037450505311349, 6.035992093133606, 6.033572971266992, 6.027517303752807, 6.025453359413819, 6.021731923307145, 6.020204018950653, 6.015998743161755, 6.016679111255816, 6.011713496082603, 6.009640423848972, 6.011022995542693, 6.005037351282542, 6.008072530256942, 6.0038880299620425, 6.002028840354375, 5.997945724103513, 5.9968295454864355, 5.994586481340647, 5.992413832185666, 5.992746393789813, 5.987696235739852, 5.988012256396195, 5.985051631163573, 5.98248148514498, 5.981288906092523, 5.9787057053389665, 5.979023801711308, 5.98166927837554, 5.975551649226244, 5.976593111081598, 5.975110325359527, 5.971929906614696, 5.9717860441870965, 5.969408641981414, 5.964751223118326, 5.968649702857451, 5.965140084202799, 5.962952337292515, 5.963515468684193, 5.960137211562196, 5.96198174175029, 5.956004361241569, 5.95840837649144, 5.9573841897083835, 5.957215372089849, 5.957072782348417, 5.950536344877156, 5.956381478778677, 5.945854422909371, 5.953189869715365, 5.9540542809102295, 5.95259735012085, 5.949656836079772, 5.944663299883225, 5.948825375692312, 5.942496823790898, 5.946835856604217, 5.940533760227251, 5.940282689039236, 5.944663128765757, 5.939218577036908, 5.945668140919841, 5.9373658075427365, 5.939753981745804, 5.9374716190984715, 5.938983132540511, 5.933634906042772, 5.935904701792709, 5.935984419920779, 5.9366268871763275, 5.934789170519124, 5.936323632799788, 5.9374737664699095, 5.933764263820434, 5.932310922983861, 5.930961076589167, 5.930915155077699, 5.929310463438123, 5.932920003235244, 5.933661601131675, 5.9257640716396285, 5.929365605736574, 5.92650857929693, 5.926200107671022, 5.930034942559728, 5.929823173234494, 5.928008341399647, 5.926958582638854, 5.925075393042401, 5.92416768744755, 5.923700864022453, 5.925018574709466, 5.92062072026657, 5.922042157015179, 5.922679977514774], 'acc': [0.01169374199743918, 0.012676225568727972, 0.04237423902595322, 0.2288329061198334, 0.30428949054790133, 0.31055751361743034, 0.30662247677026594, 0.3029377603332265, 0.3035685677667414, 0.300114146107017, 0.299823774431272, 0.29464714834988787, 0.29283482858058313, 0.29319528997116306, 0.2894905479013137, 0.2890700096123037, 0.2879685998077539, 0.28582585709708425, 0.28598606215956424, 0.28338272989426466, 0.28225128164049984, 0.2799583466837552, 0.2798882569689202, 0.27772548862544055, 0.2759532201217558, 0.27479173341877605, 0.2742610541493111, 0.27006568407561676, 0.27164770906760655, 0.26867390259532203, 0.2675324415251522, 0.26632089074014736, 0.2635873918615828, 0.26270626401794295, 0.26341717398269787, 0.2599527395065684, 0.2576598045498238, 0.2582305350849087, 0.25591757449535407, 0.25605775392502406, 0.2544356776674143, 0.2549463313040692, 0.25168215315603976, 0.25054069208586993, 0.24978973085549502, 0.2474967958987504, 0.24773710349247036, 0.24546419416853574, 0.24597484780519063, 0.24612504005126562, 0.24348165652034603, 0.2417894905479013, 0.24164931111823135, 0.2395265940403717, 0.2401473886574816, 0.2393063120794617, 0.23673301826337712, 0.2362223646267222, 0.23897588913809675, 0.23838513297020186, 0.23608218519705224, 0.23521107016981738, 0.23283803268183276, 0.23279798141621275, 0.2330382890099327, 0.2324475328420378, 0.23236743031079782, 0.23105575136174303, 0.2336590836270426, 0.2299443287407882, 0.23087552066645306, 0.23089554629926307, 0.23027475168215317, 0.22912327779557834, 0.22839234219801346, 0.23041493111182312, 0.22954381608458826, 0.2286626882409484, 0.22948373918615828, 0.22760132970201857, 0.2274110861903236, 0.22513817686638898, 0.2262195610381288, 0.22650993271387376, 0.22518824094841397, 0.22460749759692406, 0.22472765139378403, 0.22398670297981416, 0.22551866388977893, 0.22480775392502403, 0.22398670297981416, 0.22379645946811919, 0.22220442165972445, 0.22271507529637938, 0.2218239346363345, 0.2232157161166293, 0.22203420378083946, 0.2231856776674143, 0.2224747677026594, 0.21995153796859981, 0.22208426786286448, 0.22267502403075937, 0.22169376802306953, 0.22279517782761935, 0.2219040371675745, 0.22239466517141943, 0.22332585709708427, 0.2211630887536046, 0.2218840115347645, 0.22022188401153475, 0.2193808074335149, 0.22028196090996474, 0.22087271707785966, 0.2193207305350849, 0.21988144825376482, 0.22219440884331945, 0.21969120474206985, 0.22100288369112464, 0.21966116629285484, 0.2200616789490548, 0.2193007049022749, 0.2206023710349247, 0.22026193527715476, 0.218659884652355, 0.21952098686318489, 0.2194008330663249, 0.2206324094841397, 0.21852971803909005, 0.2193808074335149, 0.21975128164049984, 0.21825937199615508, 0.21848966677347004, 0.22146347324575458, 0.21826938481256009, 0.21916052547260492, 0.2174983979493752, 0.21834948734380005, 0.21960108939442485, 0.22088272989426466, 0.21941084588272988, 0.21983138417173984, 0.2161666933675104, 0.21712792374239026, 0.21897028196090995, 0.21907041012495995, 0.21726810317206025, 0.218659884652355, 0.2193908202499199, 0.21767862864466517, 0.2192206023710349, 0.21739826978532523, 0.2180991669336751, 0.21772869272669015, 0.2167274110861903, 0.2193007049022749, 0.21974126882409484, 0.21732818007049023, 0.21788889778917014, 0.2162367830823454, 0.21870994873438002, 0.2194308715155399, 0.21604653957065043, 0.21640700096123036, 0.2182093079141301, 0.2163369112463954, 0.21714794937520027, 0.21903035885933997, 0.21655719320730535, 0.21926065363665492, 0.2174483338673502, 0.21661727010573534, 0.2168675905158603, 0.22058234540211472, 0.21949094841396988, 0.21775873117590516, 0.21735821851970522, 0.21872997436719, 0.21966116629285484, 0.21574615507850048, 0.21513537327779558, 0.2175284363985902, 0.2161867190003204, 0.21840956424223004, 0.21863985901954502, 0.21768864146107017, 0.21766861582826016, 0.21660725728933033, 0.21917053828900993, 0.21905038449214995, 0.21727811598846525, 0.2174082826017302, 0.21787888497276514, 0.2174483338673502, 0.2181392181992951, 0.21781880807433515, 0.22109299903876964, 0.21855975648830503, 0.2175785004806152, 0.21800905158603012, 0.21829942326177507]}